6 6 0 111001011
4 3 1 100000011
4 2 2 100001000
4 3 1 111000000
4 2 2 001100000
4 1 3 000000100
4 2 2 100001000
4 2 2 100010000
5 4 1 110010010
4 2 2 100100000
4 1 3 010000000
5 3 2 000110010
4 1 3 010000000
5 2 3 000100100
5 1 4 000001000
5 1 4 001000000
5 3 2 101000010
5 3 2 110000100
5 2 3 000100100
6 2 4 000010010
6 1 5 000000100
6 2 4 000101000
6 1 5 000000100
6 2 4 001001000
6 3 3 001001100
6 2 4 000101000
6 2 4 001010000
6 2 4 001100000
6 2 4 001100000
6 5 1 001101011
4 2 2 001100000
5 3 2 000110010
6 4 2 000001111
4 1 3 000000100
6 3 3 000011001
5 1 4 001000000
6 2 4 000010010
6 3 3 000100011
6 2 4 000101000
6 4 2 001000111
6 3 3 000100011
6 3 3 001001100
6 3 3 001010001
5 1 4 000001000
6 1 5 010000000
6 1 5 010000000
6 2 4 010000001
6 2 4 010000100
6 4 2 010100011
5 2 3 000010001
6 2 4 001001000
6 4 2 010100011
6 3 3 010101000
6 2 4 001100000
6 2 4 010000100
6 3 3 010101000
6 3 3 010101000
6 3 3 010110000
5 1 4 000000010
6 2 4 001100000
6 3 3 010110000
6 3 3 100000011
6 3 3 100000011
6 3 3 100000110
6 2 4 100001000
6 3 3 100001100
6 2 4 100010000
6 2 4 100010000
6 4 2 100010101
6 3 3 100000011
6 5 1 100011011
4 2 2 100010000
5 3 2 101000010
6 4 2 100001101
6 3 3 100000110
6 2 4 100100000
6 2 4 100100000
6 3 3 100100001
6 2 4 010000001
6 3 3 100100100
6 2 4 010000100
6 2 4 100001000
6 2 4 101000000
6 3 3 101000100
6 2 4 100100000
6 4 2 110100100
4 1 3 000000100
6 3 3 110001000
6 2 4 000101000
6 2 4 101000000
6 3 3 111000000
6 3 3 111000000
6 3 3 111000000
6 3 3 111000000
7 2 5 000000011
7 3 4 000000111
7 1 6 000001000
7 2 5 000001001
7 1 6 000000010
7 2 5 000001001
7 2 5 000001100
7 2 5 000010001
7 2 5 000010001
7 2 5 000010100
7 1 6 000000010
7 3 4 000010101
7 2 5 000000011
7 3 4 000011010
7 2 5 000001100
7 2 5 000010001
7 3 4 000011010
7 4 3 000011110
5 1 4 000001000
7 3 4 000010101
7 4 3 000011110
7 1 6 000100000
7 2 5 000100100
7 2 5 000100100
7 3 4 000110010
7 3 4 000110010
7 3 4 000110010
7 4 3 000111001
6 2 4 001100000
7 3 4 000010101
7 3 4 000110010
7 4 3 000111001
7 4 3 001010110
5 1 4 001000000
7 3 4 000110010
7 4 3 001010110
7 3 4 010000110
7 2 5 010001000
7 1 6 001000000
7 2 5 010010000
7 1 6 001000000
7 2 5 010010000
7 3 4 010010001
7 2 5 001000001
7 2 5 010100000
7 2 5 011000000
7 1 6 000001000
7 1 6 000010000
7 3 4 011000001
7 2 5 000001001
7 2 5 000010001
7 4 3 011010010
5 1 4 000000010
6 2 4 001100000
7 3 4 000011010
7 3 4 011000100
7 2 5 000001100
7 2 5 000010100
7 2 5 010100000
7 5 2 011011001
4 1 3 010000000
5 2 3 000001001
5 2 3 000010001
7 4 3 011010010
7 4 3 011100010
6 2 4 001010000
7 3 4 000101010
7 2 5 000000110
7 1 6 000010000
7 2 5 000100001
7 3 4 000110010
7 3 4 010000110
7 4 3 011100010
7 1 6 100000000
7 4 3 100010110
5 1 4 100000000
7 4 3 100100110
7 3 4 010000110
7 3 4 100001010
7 2 5 100000001
7 3 4 100110000
7 2 5 010010000
7 3 4 101000010
7 3 4 101000010
7 4 3 101001001
6 2 4 100010000
7 3 4 101000010
7 4 3 101001001
7 4 3 101001100
7 3 4 100101000
7 2 5 010001000
7 2 5 100000100
7 4 3 101001100
7 4 3 101010001
6 2 4 100001000
7 4 3 101010100
7 3 4 100110000
7 3 4 101000010
7 4 3 101010100
7 4 3 101010100
7 5 2 101011010
6 3 3 100000011
7 4 3 101001100
7 4 3 101010001
7 5 2 101011010
7 3 4 101100000
7 2 5 011000000
7 2 5 100000100
7 5 2 101110010
6 3 3 111000000
7 4 3 011010010
7 4 3 100010110
7 4 3 101100100
5 1 4 100000000
7 3 4 011000100
7 3 4 101001000
7 6 1 101111001
4 2 2 100100000
7 5 2 011011001
7 5 2 100011101
6 3 3 101000100
7 4 3 100001011
5 1 4 100000000
7 4 3 100010110
7 4 3 100110001
7 3 4 010010001
7 5 2 101010101
6 3 3 100001100
7 4 3 100110001
7 4 3 101000011
7 3 4 101001000
7 5 2 101110010
7 2 5 110000000
7 1 6 000100000
7 3 4 110000001
7 2 5 000100001
7 3 4 110000001
7 3 4 110000100
7 3 4 110000100
7 3 4 110000100
7 4 3 110000101
7 3 4 000100101
7 2 5 000001001
7 2 5 001000001
7 4 3 110001010
7 3 4 000101010
7 3 4 101000010
7 3 4 110000001
7 4 3 110001010
7 4 3 110010010
7 4 3 110010010
7 4 3 110010010
7 4 3 110010010
7 4 3 110010010
7 5 2 110011001
6 3 3 111000000
7 4 3 000111001
7 4 3 101001001
7 4 3 101010001
7 4 3 110010010
7 5 2 110011001
7 4 3 110100010
5 1 4 000000010
6 2 4 100010000
7 4 3 110100010
7 4 3 110101000
5 1 4 000001000
7 3 4 101100000
7 3 4 110000100
7 5 2 110101001
5 2 3 000001001
7 4 3 101100001
7 3 4 011000001
7 3 4 100000101
7 4 3 110000101
7 4 3 110100010
7 5 2 110101001
7 5 2 110110001
5 2 3 000010001
6 3 3 100000011
7 4 3 101100001
7 5 2 110110001
7 4 3 111100000
5 1 4 001000000
7 3 4 100101000
7 3 4 100110000
7 3 4 110000100
8 4 4 000001111
8 4 4 000001111
8 4 4 000001111
8 4 4 000001111
8 2 6 000010010
8 2 6 000011000
8 3 5 000011001
8 3 5 000011001
8 2 6 000100010
8 3 5 000100011
8 3 5 000100011
8 3 5 000101100
6 0 6 000000000
