6 6 0 111001011
3 3 0 100000011
2 2 0 100001000
3 3 0 010101000
2 2 0 001100000
1 1 0 000000100
2 2 0 000010010
1 1 0 000000100
2 2 0 000101000
1 1 0 000000100
2 2 0 001100000
2 2 0 010000100
2 2 0 010100000
1 1 0 100000000
2 2 0 000010010
2 2 0 010100000
2 2 0 100001000
3 3 0 000011001
1 1 0 001000000
2 2 0 000010010
2 2 0 000100100
1 1 0 000001000
1 1 0 001000000
2 2 0 000000011
1 1 0 000001000
2 2 0 000100100
2 2 0 010001000
1 1 0 001000000
2 2 0 010010000
1 1 0 001000000
2 2 0 000100010
2 2 0 010010000
2 2 0 011000000
1 1 0 000001000
1 1 0 000010000
2 2 0 000000110
1 1 0 000010000
2 2 0 011000000
3 3 0 000001101
2 2 0 000000110
2 2 0 000100001
3 3 0 000001101
3 3 0 000001110
2 2 0 000000101
2 2 0 000011000
2 2 0 000100010
2 2 0 001000001
2 2 0 000011000
3 3 0 000001110
3 3 0 000001110
3 3 0 000010011
2 2 0 000000101
2 2 0 000011000
3 3 0 000010011
3 3 0 000010101
2 2 0 000000011
3 3 0 000011001
3 3 0 000011010
2 2 0 000001100
1 1 0 000100000
2 2 0 000001100
2 2 0 000010001
2 2 0 001000100
1 1 0 000100000
2 2 0 001001000
1 1 0 010000000
2 2 0 000010001
2 2 0 001001000
2 2 0 001010000
1 1 0 010000000
2 2 0 000001001
1 1 0 000000010
2 2 0 000001001
2 2 0 000010100
1 1 0 000000010
2 2 0 001010000
2 2 0 100100000
1 1 0 010000000
2 2 0 110000000
1 1 0 000100000
3 3 0 000000111
2 2 0 000001100
2 2 0 000010001
3 3 0 000000111
3 3 0 000011010
3 3 0 000011010
3 3 0 000100011
2 2 0 000101000
3 3 0 000100101
2 2 0 000001001
2 2 0 001000001
3 3 0 000100101
3 3 0 000101001
2 2 0 000000101
2 2 0 000100010
3 3 0 000101001
3 3 0 000101010
2 2 0 000000110
2 2 0 000100001
3 3 0 000101010
3 3 0 000101100
0 0 0 000000000
