0 0 0 111001011
0 0 0 111100111
0 0 0 111110001
0 0 0 111111010
0 0 0 111110001
0 0 0 111101100
0 0 0 111111010
0 0 0 111100111
0 0 0 111000000
0 0 0 111101100
0 0 0 111010110
0 0 0 111001011
0 0 0 110100100
0 0 0 110011001
0 0 0 101110010
0 0 0 100010000
0 0 0 100001000
0 0 0 001100000
0 0 0 110110101
0 0 0 111101100
0 0 0 111010001
0 0 0 110111110
0 0 0 110100011
0 0 0 110011001
0 0 0 101111101
0 0 0 101100101
0 0 0 100000111
0 0 0 000010101
0 0 0 110001000
0 0 0 111101100
0 0 0 111010001
0 0 0 110100100
0 0 0 110011110
0 0 0 110000011
0 0 0 101011000
0 0 0 101000000
0 0 0 100111010
0 0 0 000101000
0 0 0 101011110
0 0 0 111101100
0 0 0 110010110
0 0 0 110001110
0 0 0 101110010
0 0 0 101010101
0 0 0 101001000
0 0 0 100111010
0 0 0 100000111
0 0 0 011111110
0 0 0 100111100
0 0 0 111110100
0 0 0 111101100
0 0 0 110001110
0 0 0 101100101
0 0 0 101011000
0 0 0 100110111
0 0 0 100101010
0 0 0 100010000
0 0 0 010011100
0 0 0 100100100
0 0 0 111110100
0 0 0 111101100
0 0 0 110010110
0 0 0 101111101
0 0 0 101000000
0 0 0 100110010
0 0 0 100101111
0 0 0 100001000
0 0 0 010000100
0 0 0 001001100
0 0 0 111101100
0 0 0 011111110
0 0 0 010011100
0 0 0 010000100
0 0 0 001100000
0 0 0 001011010
0 0 0 001000111
0 0 0 000101000
0 0 0 000010101
0 0 0 111010110
0 0 0 110100011
0 0 0 110011110
0 0 0 101001000
0 0 0 100110010
0 0 0 100101010
0 0 0 001011010
0 0 0 111100111
0 0 0 111011101
0 0 0 111110001
0 0 0 111010110
0 0 0 111001011
0 0 0 110111001
0 0 0 111100000
0 0 0 111110110
0 0 0 111101011
0 0 0 111001100
0 0 0 110111001
0 0 0 110000100
0 0 0 101010010
0 0 0 100110000
0 0 0 100101000
0 0 0 001000000
0 0 0 111011101
0 0 0 110110010
0 0 0 111101011
0 0 0 111010110
0 0 0 110111001
0 0 0 110100100
0 0 0 110011110
0 0 0 101111010
0 0 0 101100010
0 0 0 100000000
0 0 0 000010010
0 0 0 110101111
0 0 0 111110110
0 0 0 111001011
0 0 0 110111001
0 0 0 110100100
0 0 0 110000011
0 0 0 101111111
0 0 0 101100111
0 0 0 100011101
0 0 0 000001111
0 0 0 110010101
0 0 0 111110001
0 0 0 111001100
0 0 0 110111001
0 0 0 110011110
0 0 0 110000011
0 0 0 101011101
0 0 0 101000101
0 0 0 100100111
0 0 0 000110101
0 0 0 101110001
0 0 0 111000011
0 0 0 110111001
0 0 0 110100001
0 0 0 101111010
0 0 0 101100111
0 0 0 101011101
0 0 0 100101000
0 0 0 100010101
0 0 0 011010001
0 0 0 101101001
0 0 0 111011011
0 0 0 110111001
0 0 0 110100001
0 0 0 101111111
0 0 0 101100010
0 0 0 101000101
0 0 0 100110000
0 0 0 100001101
0 0 0 011001001
0 0 0 100001011
0 0 0 111011011
0 0 0 111000011
0 0 0 110111001
0 0 0 101101111
0 0 0 101010010
0 0 0 100100111
0 0 0 100011101
0 0 0 100000000
0 0 0 010101011
0 0 0 000011001
0 0 0 110111001
0 0 0 011010001
0 0 0 011001001
0 0 0 010101011
0 0 0 001111101
0 0 0 001000000
0 0 0 000110101
0 0 0 000010010
0 0 0 000001111
0 0 0 110000100
0 0 0 101101111
0 0 0 100010101
0 0 0 100001101
0 0 0 001111101
0 0 0 110101000
0 0 0 111110001
0 0 0 111001100
0 0 0 110111110
0 0 0 110100011
0 0 0 110000100
0 0 0 101111000
0 0 0 111001010
0 0 0 111100110
0 0 0 111011100
0 0 0 111000001
0 0 0 110101110
0 0 0 110010011
0 0 0 101111000
0 0 0 100011010
0 0 0 100000010
0 0 0 001101010
0 0 0 110110000
0 0 0 111101001
0 0 0 111010100
0 0 0 110111011
0 0 0 110100110
0 0 0 110011100
0 0 0 101111000
0 0 0 101100000
0 0 0 100000010
0 0 0 000010000
0 0 0 110101000
0 0 0 101110011
0 0 0 111000001
0 0 0 110111011
0 0 0 110100011
0 0 0 101111000
0 0 0 101100101
0 0 0 101011111
0 0 0 100101010
0 0 0 100010111
0 0 0 011010011
0 0 0 101101110
0 0 0 111011100
0 0 0 110111110
0 0 0 110100110
0 0 0 101111000
0 0 0 101100101
0 0 0 101000010
0 0 0 100110111
0 0 0 100001010
0 0 0 011001110
0 0 0 101010100
0 0 0 111100110
0 0 0 110011100
0 0 0 110000100
0 0 0 101111000
0 0 0 101011111
0 0 0 101000010
0 0 0 100110000
0 0 0 100001101
0 0 0 011110100
0 0 0 100100001
0 0 0 111110001
0 0 0 111101001
0 0 0 110010011
0 0 0 101111000
0 0 0 101000101
0 0 0 100110111
0 0 0 100101010
0 0 0 100001101
0 0 0 010000001
0 0 0 100011100
0 0 0 111010100
0 0 0 111001100
0 0 0 110101110
0 0 0 101111000
0 0 0 101000101
0 0 0 100110000
0 0 0 100010111
0 0 0 100001010
0 0 0 010111100
0 0 0 011011000
0 0 0 101111000
0 0 0 011110100
0 0 0 011010011
0 0 0 011001110
0 0 0 010111100
0 0 0 010000001
0 0 0 001101010
0 0 0 000010000
0 0 0 000001000
0 0 0 101100000
0 0 0 100011010
0 0 0 000001000
0 0 0 110010101
0 0 0 101000011
0 0 0 111110001
0 0 0 110010011
0 0 0 110001011
0 0 0 111101111
0 0 0 111111001
0 0 0 111100100
0 0 0 111000011
0 0 0 110110110
0 0 0 110001011
0 0 0 101011101
0 0 0 100111111
0 0 0 100100111
0 0 0 001001111
0 0 0 111010010
0 0 0 111111110
0 0 0 111011001
0 0 0 111000100
0 0 0 110110110
0 0 0 110001011
0 0 0 101100000
0 0 0 100011010
0 0 0 100000010
0 0 0 001110010
0 0 0 110100111
0 0 0 111111110
0 0 0 111000011
0 0 0 110110001
0 0 0 110101100
0 0 0 110001011
0 0 0 101110111
0 0 0 101101111
0 0 0 100010101
0 0 0 000000111
0 0 0 110011101
0 0 0 111111001
0 0 0 111000100
0 0 0 110110001
0 0 0 110010110
0 0 0 110001011
0 0 0 101010101
0 0 0 101001101
0 0 0 100101111
0 0 0 000111101
0 0 0 110000000
0 0 0 111100100
0 0 0 111011001
0 0 0 110101100
0 0 0 110010110
0 0 0 110001011
0 0 0 101010000
0 0 0 101001000
0 0 0 100110010
0 0 0 000100000
0 0 0 101011011
0 0 0 111101001
0 0 0 110010011
0 0 0 110001011
0 0 0 101110111
0 0 0 101010000
0 0 0 101001101
0 0 0 100111111
0 0 0 100000010
0 0 0 011111011
0 0 0 101000011
0 0 0 100111001
0 0 0 111110001
0 0 0 111101001
0 0 0 110001011
0 0 0 101100000
0 0 0 101011101
0 0 0 100110010
0 0 0 100101111
0 0 0 100010101
0 0 0 010011001
0 0 0 000101011
0 0 0 110001011
0 0 0 011111011
0 0 0 011100011
0 0 0 010011001
0 0 0 001110010
0 0 0 001001111
0 0 0 000111101
0 0 0 000100000
0 0 0 000000111
0 0 0 101101111
0 0 0 101010101
0 0 0 101001000
0 0 0 100100111
0 0 0 100011010
0 0 0 011100011
0 0 0 100111001
0 0 0 100100001
0 0 0 001010001
0 0 0 111110001
0 0 0 011100011
0 0 0 010011001
0 0 0 010000001
0 0 0 001111101
0 0 0 001011010
0 0 0 001000111
0 0 0 000110101
0 0 0 000001000
0 0 0 111101100
0 0 0 111001011
0 0 0 110111110
0 0 0 110000011
0 0 0 101010101
0 0 0 100110111
0 0 0 100101111
0 0 0 001000111
0 0 0 111011101
0 0 0 111000000
0 0 0 110101111
0 0 0 110010010
0 0 0 111110110
0 0 0 111001011
0 0 0 110111110
0 0 0 110011001
0 0 0 110000100
0 0 0 101011010
0 0 0 111101000
0 0 0 111111110
0 0 0 111100011
0 0 0 111110101
0 0 0 111111110
0 0 0 111100011
0 0 0 111011001
0 0 0 110101100
0 0 0 110010001
0 0 0 101000111
0 0 0 100111101
0 0 0 100100101
0 0 0 001010101
0 0 0 111101000
0 0 0 111001111
0 0 0 111100011
0 0 0 111011001
0 0 0 111000100
0 0 0 110101011
0 0 0 110010110
0 0 0 101111101
0 0 0 100011111
0 0 0 100000111
0 0 0 001101111
0 0 0 110111010
0 0 0 111100011
0 0 0 111011110
0 0 0 110110001
0 0 0 110101100
0 0 0 110010110
0 0 0 101110010
0 0 0 101101010
0 0 0 100001000
0 0 0 000011010
0 0 0 110000111
0 0 0 111100011
0 0 0 111011110
0 0 0 110101011
0 0 0 110010001
0 0 0 110001100
0 0 0 101010111
0 0 0 101001111
0 0 0 100110101
0 0 0 000100111
0 0 0 101010001
0 0 0 111100011
0 0 0 110011001
0 0 0 110000001
0 0 0 101111101
0 0 0 101011010
0 0 0 101000111
0 0 0 100110101
0 0 0 100001000
0 0 0 011110001
0 0 0 100110011
0 0 0 111111011
0 0 0 111100011
0 0 0 110000001
0 0 0 101101010
0 0 0 101010111
0 0 0 100111000
0 0 0 100100101
0 0 0 100011111
0 0 0 010010011
0 0 0 100101011
0 0 0 111111011
0 0 0 111100011
0 0 0 110011001
0 0 0 101110010
0 0 0 101001111
0 0 0 100111101
0 0 0 100100000
0 0 0 100000111
0 0 0 010001011
0 0 0 001000011
0 0 0 111100011
0 0 0 011110001
0 0 0 010010011
0 0 0 010001011
0 0 0 001101111
0 0 0 001010101
0 0 0 001001000
0 0 0 000100111
0 0 0 000011010
0 0 0 111000100
0 0 0 110110001
0 0 0 110001100
0 0 0 101011010
0 0 0 100111000
0 0 0 100100000
0 0 0 001001000
0 0 0 110010010
0 0 0 110001010
0 0 0 111101110
0 0 0 111111000
0 0 0 111110011
0 0 0 111101110
0 0 0 111010100
0 0 0 110100001
0 0 0 110011100
0 0 0 101001010
0 0 0 100110000
0 0 0 100101000
0 0 0 001011000
0 0 0 111100101
0 0 0 111110011
0 0 0 111101110
0 0 0 111001001
0 0 0 110111100
0 0 0 110000001
0 0 0 101010111
0 0 0 100110101
0 0 0 100101101
0 0 0 001000101
0 0 0 111000010
0 0 0 111101110
0 0 0 111010100
0 0 0 111001001
0 0 0 110100110
0 0 0 110011011
0 0 0 101110000
0 0 0 100010010
0 0 0 100001010
0 0 0 001100010
0 0 0 110110111
0 0 0 111101110
0 0 0 111010011
0 0 0 110111100
0 0 0 110100001
0 0 0 110011011
0 0 0 101111111
0 0 0 101100111
0 0 0 100000101
0 0 0 000010111
0 0 0 110001010
0 0 0 101011100
0 0 0 111101110
0 0 0 110010100
0 0 0 110001100
0 0 0 101110000
0 0 0 101010111
0 0 0 101001010
0 0 0 100111000
0 0 0 100000101
0 0 0 011111100
0 0 0 100111110
0 0 0 111110110
0 0 0 111101110
0 0 0 110001100
0 0 0 101100111
0 0 0 101011010
0 0 0 100110101
0 0 0 100101000
0 0 0 100010010
0 0 0 010011110
0 0 0 100100110
0 0 0 111110110
0 0 0 111101110
0 0 0 110010100
0 0 0 101111111
0 0 0 101000010
0 0 0 100110000
0 0 0 100101101
0 0 0 100001010
0 0 0 010000110
0 0 0 001001110
0 0 0 111101110
0 0 0 011111100
0 0 0 010011110
0 0 0 010000110
0 0 0 001100010
0 0 0 001011000
0 0 0 001000101
0 0 0 000101010
0 0 0 000010111
0 0 0 111010011
0 0 0 110100110
0 0 0 110011100
0 0 0 110000001
0 0 0 101011010
0 0 0 101000010
0 0 0 100111000
0 0 0 000101010
0 0 0 101110110
0 0 0 111000100
0 0 0 110111110
0 0 0 110100110
0 0 0 101111101
0 0 0 101100000
0 0 0 101011010
0 0 0 100101111
0 0 0 100010010
0 0 0 011010110
0 0 0 101110110
0 0 0 011111010
0 0 0 101011010
0 0 0 011110001
0 0 0 011101100
0 0 0 011010110
0 0 0 010100011
0 0 0 010011110
0 0 0 001001000
0 0 0 000110010
0 0 0 000101010
0 0 0 011011101
0 0 0 101111101
0 0 0 011110001
0 0 0 011010110
0 0 0 011001011
0 0 0 010111001
0 0 0 010000100
0 0 0 001101111
0 0 0 000010101
0 0 0 000001101
0 0 0 011000000
0 0 0 101100000
0 0 0 011101100
0 0 0 011010110
0 0 0 011001011
0 0 0 010100100
0 0 0 010011001
0 0 0 001110010
0 0 0 000010000
0 0 0 000001000
0 0 0 010110010
0 0 0 100010010
0 0 0 011101011
0 0 0 011010110
0 0 0 010111001
0 0 0 010100100
0 0 0 010011110
0 0 0 001111010
0 0 0 001100010
0 0 0 000000000
